1	7.680625	10.393125	11.392500	12.922500	14.255625	14.663750
2	7.681250	10.393750	11.391250	12.911250	14.250625	14.665625
4	7.681563	10.394375	11.393750	12.916875	14.241875	14.667500
8	7.681563	10.395000	11.391250	12.916250	14.247500	14.681875
16	7.799375	10.584375	11.585000	13.086250	14.416250	14.861875
32	7.797500	10.586875	11.594375	13.078750	14.416875	14.863125
64	7.799375	10.585000	11.595000	13.082500	14.426250	14.868750
128	7.981875	10.626250	11.618125	13.201250	14.503125	14.965000
256	8.215625	10.865625	11.866875	13.498125	14.768125	15.252500
512	8.705625	11.431875	12.423125	14.066250	15.306250	15.870000
1024	10.106250	13.461875	14.743750	16.395000	17.567500	18.177500
2048	10.495625	14.196250	15.472500	17.132500	18.300000	18.873750
4096	12.113125	17.765000	19.167500	20.700000	21.868750	22.648750
8192	57.512500	83.775000	90.335000	111.710000	120.395000	128.660000
16384	56.897500	86.120000	93.770000	114.530000	123.980000	131.900000
32768	57.962500	94.205000	102.175000	122.640000	133.030000	139.700000
65536	59.485000	110.715000	119.120000	139.260000	149.570000	154.610000
