1	6.660000	6.711563	6.714688	7.122500
2	6.657188	6.710625	6.709375	7.127187
4	6.662187	6.714688	6.718750	7.127187
8	6.658125	6.714375	6.721563	7.128750
16	6.670313	6.720625	6.739063	7.135937
32	7.066562	6.739375	6.753125	7.159063
64	7.885000	6.880937	6.861250	7.174688
128	9.582500	7.296562	6.865000	7.228438
256	13.044375	8.141250	6.887187	7.261250
512	20.157500	12.055000	7.883750	8.711875
1024	34.215000	17.622500	12.029375	10.036875
2048	62.790000	28.510000	28.465000	13.890000
4096	119.775000	50.370000	50.392500	30.232500
8192	231.930000	94.085000	94.075000	95.555000
16384	458.460000	181.490000	181.470000	182.590000
32768	909.360000	356.160000	356.020000	357.220000
65536	1816.640000	706.360000	706.680000	707.040000
