1	10.430000	10.450000	10.576875	10.798125
2	10.428750	10.450625	10.587500	10.811875
4	10.425625	10.460000	10.566875	10.803750
8	10.427500	10.434375	10.569375	10.808750
16	10.463750	10.391250	10.585000	10.828750
32	11.386250	10.373750	10.613750	10.850000
64	13.455000	10.566250	10.576250	10.927500
128	17.731250	11.647500	10.658750	10.952500
256	26.026250	13.772500	10.694375	10.956875
512	42.957500	24.855000	11.869375	12.345000
1024	76.560000	40.282500	17.248750	14.595625
2048	96.725000	70.105000	32.760000	19.978750
4096	105.860000	103.135000	101.425000	41.535000
8192	122.220000	119.790000	118.350000	120.660000
16384	156.980000	154.100000	152.240000	154.740000
32768	227.940000	224.740000	222.380000	225.540000
65536	370.120000	366.600000	363.720000	366.260000
