1	8.272500	8.568125	8.293125	8.668750
2	8.274375	8.571875	8.285625	8.660625
4	8.269375	8.561875	8.268125	8.671250
8	8.276250	8.564375	8.286250	8.681250
16	8.311250	8.589375	8.311250	8.683125
32	9.134375	8.594375	8.523125	8.833750
64	10.550625	8.590000	8.621250	8.791875
128	13.450000	9.401875	8.641250	8.835625
256	19.326250	10.984375	8.723125	8.930625
512	31.252500	17.571250	9.640000	10.246250
1024	55.197500	27.180000	13.911250	12.572500
2048	103.640000	46.837500	30.517500	16.728750
4096	199.210000	85.785000	52.487500	34.207500
8192	389.820000	163.290000	96.235000	104.905000
16384	772.960000	318.620000	183.870000	194.450000
32768	1537.840000	628.640000	359.080000	371.740000
65536	3073.600000	1251.040000	710.320000	722.040000
