1	10.151250	10.296875	10.262500	10.366250
2	10.149375	10.305000	10.266250	10.367500
4	10.153750	10.292500	10.264375	10.365625
8	10.129375	10.296250	10.266250	10.350000
16	10.143125	10.195625	10.250625	10.357500
32	11.161875	10.234375	10.228750	10.363750
64	13.200000	10.402500	10.377500	10.574375
128	17.365000	11.330000	10.423125	10.513750
256	25.712500	13.464375	10.475625	10.515000
512	42.480000	24.356250	11.712500	12.023750
1024	76.055000	39.870000	16.971250	14.036875
2048	144.030000	70.605000	32.492500	19.416250
4096	278.200000	132.250000	54.445000	41.127500
8192	547.160000	255.480000	98.385000	122.125000
16384	1086.720000	504.480000	186.030000	216.200000
32768	2163.040000	993.920000	361.440000	415.020000
65536	4322.080000	1984.960000	712.840000	749.280000
