1	2.292812	2.373281	2.412813	2.651250
2	2.356875	2.426094	2.468906	2.743437
4	2.484219	2.426250	2.469063	2.732344
8	2.748750	2.426250	2.469063	2.721875
16	2.347656	2.416406	2.468125	2.730781
32	2.462813	2.562031	2.459844	2.711406
64	2.728281	2.856094	2.468437	2.734219
128	3.143906	3.496875	2.492344	2.769219
256	4.173437	2.832656	2.686250	2.763906
512	6.319375	3.693125	3.805937	2.911250
1024	10.682500	5.320625	6.452500	3.505937
2048	14.698125	8.343750	6.601562	6.660625
4096	15.545000	14.392500	10.666250	18.143750
8192	17.288750	17.631250	18.858750	19.423750
16384	20.385000	20.772500	20.748750	22.866250
32768	26.653750	27.010000	26.805000	29.205000
65536	39.295000	39.582500	39.515000	41.702500
131072	64.315000	64.655000	64.610000	66.790000
262144	114.495000	114.845000	114.870000	117.055000
524288	215.030000	215.650000	215.310000	217.380000
1048576	416.020000	416.580000	416.540000	418.700000
2097152	818.280000	818.360000	818.360000	820.280000
4194304	1622.240000	1622.720000	1622.640000	1624.800000
