1	18.758014	18.757155	18.752003
2	33.058918	33.057584	33.048249
4	53.399387	53.399387	53.378510
8	77.181082	77.181082	77.155639
16	286.684164	286.671624	286.596405
32	481.422170	481.386808	481.139417
64	729.515222	729.515222	729.231112
128	982.180592	982.106998	981.518646
256	1188.268891	1188.215030	1187.891970
512	1326.169879	1326.169879	1325.767461
1024	1405.447137	1405.371790	1404.769305
2048	894.811578	993.345964	898.060980
4096	1791.335247	1963.184303	1735.133704
8192	3568.041377	3908.804891	3200.195324
16384	7050.198346	7634.335639	5524.636459
32768	14012.775625	14551.429364	8781.675809
65536	27841.380684	26485.880273	12334.011645
131072	53005.231897	44724.930689	15522.960770
262144	100952.018774	69560.164186	18028.385988
524288	176825.632378	95689.362916	19358.028338
1048576	274126.318369	116906.250436	20087.662835
2097152	354510.639197	132354.181130	20490.004885
4194304	446232.222887	141388.976909	20673.817035
