1	17.597525	17.595258	17.590724
2	30.964621	30.957600	30.941230
4	49.963406	49.957312	49.935995
8	72.077779	72.068268	72.046084
16	96.803545	96.780672	96.700702
32	186.627178	186.563425	186.351228
64	333.975437	333.822331	333.228250
128	551.765944	551.417753	550.006294
256	817.870960	816.902462	811.139303
512	1078.781893	1077.230327	1067.839831
1024	1280.562747	1276.509544	1251.224285
2048	1123.827489	1047.068222	949.728281
4096	2238.633646	2085.639271	1798.833459
8192	4454.443500	4247.310434	3275.571661
16384	8782.043551	8489.119171	5458.490370
32768	17551.592250	16230.570389	8177.306403
65536	33819.577488	29654.298643	10783.935826
131072	65387.855640	51146.930065	12896.027549
262144	119334.348104	81100.285203	14270.223190
524288	206679.593471	115101.646542	15084.168884
1048576	309385.754460	145484.009712	15501.160470
2097152	384953.043079	166672.123982	15731.392994
4194304	463075.241513	180604.079875	15850.290983
