1	3.572425	3.530791	3.469305	3.157375
2	6.939080	6.885885	6.747496	6.120010
4	13.136626	13.771771	13.494103	12.241482
8	23.742175	27.545393	26.991763	24.482965
16	55.803815	55.272924	53.969300	48.614326
32	106.237842	104.065041	108.366955	97.442607
64	191.985001	185.907183	216.190539	191.726640
128	331.374829	302.287823	427.362243	384.713824
256	497.049678	750.784741	793.269987	768.705648
512	653.693083	1143.535160	1107.073778	1456.922136
1024	770.739739	1571.700941	1292.687016	2508.915155
2048	858.587711	1989.858813	2523.405689	2420.535549
4096	896.893390	2293.573647	3102.479437	2045.922110
8192	902.264748	2461.214909	3495.020332	1810.886985
16384	870.447603	2557.502439	3723.636364	3656.377711
32768	799.024628	2594.457641	3853.642043	3818.836040
65536	497.238240	2374.600299	3893.131358	3880.740192
131072	355.903117	2000.030518	3935.505179	3907.930829
262144	355.912781	1996.527037	3964.670296	3949.736327
524288	356.014287	2009.382186	3978.811566	3971.277079
1048576	356.140041	1986.089855	3985.768588	3982.135804
2097152	356.153347	1988.500341	3990.926391	3989.104466
4194304	356.121293	2003.297512	3987.814942	3986.677819
