1	3.488927	3.370860	3.325971	2.970354
2	6.788650	6.594964	6.500349	5.838417
4	12.856246	13.189078	13.000698	11.676834
8	23.320428	26.378156	25.999746	23.352338
16	54.635187	52.978077	52.025911	46.455711
32	103.939605	99.926811	104.409890	94.139278
64	187.610214	179.197200	207.458056	186.584671
128	325.709458	293.212832	410.832497	373.063130
256	490.832834	722.358777	762.312435	741.064058
512	648.999802	1110.027100	1076.610949	1408.391984
1024	766.816826	1542.204965	1269.462470	2334.214861
2048	972.705009	1964.361184	2481.601742	2478.200038
4096	1854.836199	2276.741358	3071.940001	1808.263779
8192	3432.102645	3353.940635	3474.406892	3331.350871
16384	5849.470044	5793.237569	6396.876525	5739.960587
32768	9174.695949	9037.111092	9809.401749	9027.385821
65536	12743.221729	12558.548416	13357.656051	12597.777377
131072	15827.562264	15724.315813	16297.419956	15684.331763
262144	17985.866209	17941.243905	18301.352649	17918.250171
524288	19346.420664	19299.240786	19463.127610	19299.240786
1048576	20058.842659	20032.975116	20140.715486	20039.675108
2097152	20471.003953	20445.059712	20495.010994	20455.030480
4194304	20666.686376	20657.525611	20677.893907	20661.596059
