1	0.522108	0.515008	0.522513	0.512779
2	1.026999	1.019352	1.032175	1.027287
4	2.058043	2.048820	2.060528	2.063518
8	4.152137	4.113771	4.158207	4.100593
16	8.202499	8.227874	8.273745	8.179567
32	16.470967	16.622027	16.570920	16.196125
64	32.890352	32.949883	33.004311	32.575155
128	65.509796	65.010713	65.971411	67.202625
256	131.672426	130.497810	132.374566	134.300586
512	259.898477	257.407698	261.599872	265.866126
1024	511.520450	510.166589	514.451684	525.254468
2048	1002.769490	1006.929400	1005.153374	1028.418988
4096	1910.809826	1910.949118	1909.278951	2136.288811
8192	3529.133010	3518.947580	3516.351442	3886.205619
16384	6010.409263	5956.126101	5986.047839	6501.184202
32768	9318.604754	9310.330744	9359.778631	9942.407434
65536	12887.310269	12854.134232	12902.374800	13448.454534
131072	15920.078949	15953.990110	15926.123937	16389.121601
262144	18075.780038	18066.436940	18101.523456	18370.287316
524288	19359.815370	19363.390425	19408.190273	19522.919382
1048576	20081.892177	20094.399463	20098.250994	20167.831899
2097152	20474.001757	20485.001221	20479.000049	20515.059917
4194304	20667.704740	20655.490988	20664.649948	20686.052476
